"","year","state","percent_w_inspections","target_inspections","percent_w_violations","target_violations","percent_submitted","target_submitted"
"1",2005,"CT",0.144859813084112,0.5,0.109518120270808,0,NA,NA
"2",2005,"MA",0.0332214765100671,0.5,0.0620561379776801,0,NA,NA
"3",2005,"ME",0.164017341040462,0.5,0.143407864302236,0,NA,NA
"4",2005,"NH",0.0607681088964511,0.5,0.0525532969757065,0,NA,NA
"5",2005,"NY",0.228897277327122,0.5,0.143240492273526,0,NA,NA
"6",2005,"RI",0.0528391167192429,0.5,0.137239165329053,0,NA,NA
"7",2006,"CT",0.169882709042754,0.5,0.123456790123457,0,NA,NA
"8",2006,"MA",0.0324478816408877,0.5,0.0671288468041934,0,NA,NA
"9",2006,"ME",0.176617804790847,0.5,0.156515034695451,0,NA,NA
"10",2006,"NH",0.06494140625,0.5,0.0644521566683193,0,NA,NA
"11",2006,"NY",0.192018263295848,0.5,0.150735634311095,0,NA,NA
"12",2006,"RI",0.035799522673031,0.5,0.138041733547352,0,NA,NA
"13",2007,"CT",0.175854037267081,0.5,0.123456790123457,0,NA,NA
"14",2007,"MA",0.0482816429170159,0.5,0.0683124788637132,0,NA,NA
"15",2007,"ME",0.179634277518824,0.5,0.168851195065536,0,NA,NA
"16",2007,"NH",0.0650566781665845,0.5,0.0649479424888448,0,NA,NA
"17",2007,"NY",0.178919473414259,0.5,0.143055427038031,0,NA,NA
"18",2007,"RI",0.0603653693407466,0.5,0.101926163723917,0,NA,NA
"19",2008,"CT",0.169536930730961,0.5,0.101951413779371,0,NA,NA
"20",2008,"MA",0.0411764705882353,0.5,0.0666215759215421,0,NA,NA
"21",2008,"ME",0.158387329013679,0.5,0.164225134926754,0,NA,NA
"22",2008,"NH",0.069423929098966,0.5,0.060485870104115,0,NA,NA
"23",2008,"NY",0.212389380530973,0.5,0.298232627001018,0,NA,NA
"24",2008,"RI",0.105909439754413,0.5,0.157303370786517,0,NA,NA
"25",2009,"CT",0.14280140460398,0.5,0.0868180007964954,0,1,0.95
"26",2009,"MA",0.0496477692049648,0.5,0.0644234020967197,0,0.98417610650473,0.95
"27",2009,"ME",0.171142141066953,0.5,0.160370084811103,0,0.966881066541925,0.95
"28",2009,"NH",0.0611138491867915,0.5,0.0585027268220129,0,0.9971842021498,0.95
"29",2009,"NY",0.225599737101545,0.5,0.269084852410475,0,0.99733083695669,0.95
"30",2009,"RI",0.0885296381832179,0.5,0.154093097913323,0,1,0.95
"31",2010,"CT",0.130161226897365,0.5,0.0872162485065711,0,1,0.95
"32",2010,"MA",0.0381320342684361,0.5,0.0632397700371999,0,1,0.95
"33",2010,"ME",0.203893805309735,0.5,0.161526599845798,0,0.971949798514347,0.95
"34",2010,"NH",0.0586495810744209,0.5,0.0560237977193852,0,0.997574718275355,0.95
"35",2010,"NY",0.139285714285714,0.5,0.249838067918941,0,0.996923412069779,0.95
"36",2010,"RI",0.0979498861047836,0.5,0.138041733547352,0,1,0.95
"37",2011,"CT",0.136943907156673,0.5,0.0947829549980088,0,1,0.95
"38",2011,"MA",0.0334791386271871,0.5,0.0605343253297261,0,1,0.95
"39",2011,"ME",0.19848975188781,0.5,0.154587509637625,0,0.983473572223028,0.95
"40",2011,"NH",0.0534388916378031,0.5,0.053049082796232,0,1,0.95
"41",2011,"NY",0.201681371732978,0.5,0.371055797168502,0,0.997209337124046,0.95
"42",2011,"RI",0.110776186887717,0.5,0.141252006420546,0,1,0.95
"43",2012,"CT",0.131026438569207,0.5,0.103942652329749,0,1,0.95
"44",2012,"MA",0.0273003033367037,0.5,0.0598579641528576,0,0.98573980207579,0.95
"45",2012,"ME",0.203141735094609,0.5,0.15420200462606,0,0.991400430597144,0.95
"46",2012,"NH",0.0557199211045365,0.5,0.0525532969757065,0,1,0.95
"47",2012,"NY",0.150074424306103,0.5,0.365873970574628,0,0.996577687772761,0.95
"48",2012,"RI",0.0834621329211747,0.5,0.171749598715891,0,1,0.95
"49",2013,"CT",0.122122512680453,0.5,0.111111111111111,0,0.992874513995384,0.95
"50",2013,"MA",0.0317860746720484,0.5,0.0593506932702063,0,1,0.95
"51",2013,"ME",0.192279679533867,0.5,0.121048573631457,0,0.99486514962518,0.95
"52",2013,"NH",0.0425321463897132,0.5,0.060485870104115,0,1,0.95
"53",2013,"NY",0.181700362882322,0.5,0.36411585083742,0,0.995909375235028,0.95
"54",2013,"RI",0.116296296296296,0.5,0.159711075441413,0,1,0.95
"55",2014,"CT",0.180778032036613,0.5,0.1194743130227,0,0.990370147457117,0.95
"56",2014,"MA",0.0307977112083474,0.5,0.063408860331417,0,0.988482992756774,0.95
"57",2014,"ME",0.159216845216106,0.5,0.105628373168851,0,0.997102613734585,0.95
"58",2014,"NH",0.0592007893438579,0.5,0.0575111551809618,0,1,0.95
"59",2014,"NY",0.183242917420133,0.5,0.387526603127602,0,0.996076605200148,0.95
"60",2014,"RI",0.0713731574864236,0.5,0.170947030497592,0,0.969874770119975,0.95
"61",2015,"CT",0.242181540808543,0.5,0.128235762644365,0,0.991448793076013,0.95
"62",2015,"MA",0.0252951096121417,0.5,0.0536016232668245,0,0.986467391304348,0.95
"63",2015,"ME",0.155357804968484,0.5,0.106013878180416,0,0.995760257342519,0.95
"64",2015,"NH",0.0506889763779528,0.5,0.0485870104115022,0,1,0.95
"65",2015,"NY",0.175771348658334,0.5,0.396132136578144,0,0.996145470700479,0.95
"66",2015,"RI",0.106676899462778,0.5,0.219903691813804,0,0.968451352907311,0.95
"67",2016,"CT",0.16916403785489,0.5,0.118677817602549,0,0.990299795346211,0.95
"68",2016,"MA",0.0250588631012445,0.5,0.0806560703415624,0,0.987837649050433,0.95
"69",2016,"ME",0.146395563770795,0.5,0.113338473400154,0,0.994781892804823,0.95
"70",2016,"NH",0.0527353376047314,0.5,0.0669310857709469,0,1,0.95
"71",2016,"NY",0.171983960948396,0.5,0.678079022855557,0,0.993343220346545,0.95
"72",2016,"RI",0.0699300699300699,0.5,0.203049759229534,0,0.97561694725359,0.95
"73",2017,"CT",0.204280155642023,0.5,0.138988450816408,0,0.989891237873682,0.95
"74",2017,"MA",0.0286050816086152,0.5,0.111768684477511,0,0.994145509815117,0.95
"75",2017,"ME",0.165862708719852,0.5,0.147648419429453,0,0.995360793925988,0.95
"76",2017,"NH",0.0530712530712531,0.5,0.123450669310858,0,1,0.95
"77",2017,"NY",0.207093629181375,0.5,0.692329045988711,0,0.991637660242805,0.95
"78",2017,"RI",0.0630350194552529,0.5,0.226324237560193,0,0.979106158496829,0.95
