"","rgn_id","rgn_name","caught","assessed","percent","target","score","year"
"1",1,"Offshore",106,58,0.547169811320755,1,0.547169811320755,2005
"2",1,"Offshore",106,58,0.547169811320755,1,0.547169811320755,2006
"3",1,"Offshore",106,58,0.547169811320755,1,0.547169811320755,2007
"4",1,"Offshore",106,58,0.547169811320755,1,0.547169811320755,2008
"5",1,"Offshore",106,58,0.547169811320755,1,0.547169811320755,2009
"6",1,"Offshore",106,58,0.547169811320755,1,0.547169811320755,2010
"7",1,"Offshore",106,58,0.547169811320755,1,0.547169811320755,2011
"8",1,"Offshore",106,58,0.547169811320755,1,0.547169811320755,2012
"9",1,"Offshore",106,58,0.547169811320755,1,0.547169811320755,2013
"10",1,"Offshore",106,58,0.547169811320755,1,0.547169811320755,2014
"11",1,"Offshore",106,58,0.547169811320755,1,0.547169811320755,2015
"12",1,"Offshore",106,58,0.547169811320755,1,0.547169811320755,2016
"13",1,"Offshore",106,58,0.547169811320755,1,0.547169811320755,2017
"14",2,"Georges Bank",115,60,0.521739130434783,1,0.521739130434783,2005
"15",2,"Georges Bank",115,60,0.521739130434783,1,0.521739130434783,2006
"16",2,"Georges Bank",115,60,0.521739130434783,1,0.521739130434783,2007
"17",2,"Georges Bank",115,60,0.521739130434783,1,0.521739130434783,2008
"18",2,"Georges Bank",115,60,0.521739130434783,1,0.521739130434783,2009
"19",2,"Georges Bank",115,60,0.521739130434783,1,0.521739130434783,2010
"20",2,"Georges Bank",115,60,0.521739130434783,1,0.521739130434783,2011
"21",2,"Georges Bank",115,60,0.521739130434783,1,0.521739130434783,2012
"22",2,"Georges Bank",115,60,0.521739130434783,1,0.521739130434783,2013
"23",2,"Georges Bank",115,60,0.521739130434783,1,0.521739130434783,2014
"24",2,"Georges Bank",115,60,0.521739130434783,1,0.521739130434783,2015
"25",2,"Georges Bank",115,60,0.521739130434783,1,0.521739130434783,2016
"26",2,"Georges Bank",115,60,0.521739130434783,1,0.521739130434783,2017
"27",3,"Gulf of Maine",105,56,0.533333333333333,1,0.533333333333333,2005
"28",3,"Gulf of Maine",105,56,0.533333333333333,1,0.533333333333333,2006
"29",3,"Gulf of Maine",105,56,0.533333333333333,1,0.533333333333333,2007
"30",3,"Gulf of Maine",105,56,0.533333333333333,1,0.533333333333333,2008
"31",3,"Gulf of Maine",105,56,0.533333333333333,1,0.533333333333333,2009
"32",3,"Gulf of Maine",105,56,0.533333333333333,1,0.533333333333333,2010
"33",3,"Gulf of Maine",105,56,0.533333333333333,1,0.533333333333333,2011
"34",3,"Gulf of Maine",105,56,0.533333333333333,1,0.533333333333333,2012
"35",3,"Gulf of Maine",105,56,0.533333333333333,1,0.533333333333333,2013
"36",3,"Gulf of Maine",105,56,0.533333333333333,1,0.533333333333333,2014
"37",3,"Gulf of Maine",105,56,0.533333333333333,1,0.533333333333333,2015
"38",3,"Gulf of Maine",105,56,0.533333333333333,1,0.533333333333333,2016
"39",3,"Gulf of Maine",105,56,0.533333333333333,1,0.533333333333333,2017
"40",4,"Mid-Atlantic Bight",127,60,0.47244094488189,1,0.47244094488189,2005
"41",4,"Mid-Atlantic Bight",127,60,0.47244094488189,1,0.47244094488189,2006
"42",4,"Mid-Atlantic Bight",127,60,0.47244094488189,1,0.47244094488189,2007
"43",4,"Mid-Atlantic Bight",127,60,0.47244094488189,1,0.47244094488189,2008
"44",4,"Mid-Atlantic Bight",127,60,0.47244094488189,1,0.47244094488189,2009
"45",4,"Mid-Atlantic Bight",127,60,0.47244094488189,1,0.47244094488189,2010
"46",4,"Mid-Atlantic Bight",127,60,0.47244094488189,1,0.47244094488189,2011
"47",4,"Mid-Atlantic Bight",127,60,0.47244094488189,1,0.47244094488189,2012
"48",4,"Mid-Atlantic Bight",127,60,0.47244094488189,1,0.47244094488189,2013
"49",4,"Mid-Atlantic Bight",127,60,0.47244094488189,1,0.47244094488189,2014
"50",4,"Mid-Atlantic Bight",127,60,0.47244094488189,1,0.47244094488189,2015
"51",4,"Mid-Atlantic Bight",127,60,0.47244094488189,1,0.47244094488189,2016
"52",4,"Mid-Atlantic Bight",127,60,0.47244094488189,1,0.47244094488189,2017
"53",5,"Connecticut",100,50,0.5,1,0.5,2005
"54",5,"Connecticut",100,50,0.5,1,0.5,2006
"55",5,"Connecticut",100,50,0.5,1,0.5,2007
"56",5,"Connecticut",100,50,0.5,1,0.5,2008
"57",5,"Connecticut",100,50,0.5,1,0.5,2009
"58",5,"Connecticut",100,50,0.5,1,0.5,2010
"59",5,"Connecticut",100,50,0.5,1,0.5,2011
"60",5,"Connecticut",100,50,0.5,1,0.5,2012
"61",5,"Connecticut",100,50,0.5,1,0.5,2013
"62",5,"Connecticut",100,50,0.5,1,0.5,2014
"63",5,"Connecticut",100,50,0.5,1,0.5,2015
"64",5,"Connecticut",100,50,0.5,1,0.5,2016
"65",5,"Connecticut",100,50,0.5,1,0.5,2017
"66",6,"Maine",87,51,0.586206896551724,1,0.586206896551724,2005
"67",6,"Maine",87,51,0.586206896551724,1,0.586206896551724,2006
"68",6,"Maine",87,51,0.586206896551724,1,0.586206896551724,2007
"69",6,"Maine",87,51,0.586206896551724,1,0.586206896551724,2008
"70",6,"Maine",87,51,0.586206896551724,1,0.586206896551724,2009
"71",6,"Maine",87,51,0.586206896551724,1,0.586206896551724,2010
"72",6,"Maine",87,51,0.586206896551724,1,0.586206896551724,2011
"73",6,"Maine",87,51,0.586206896551724,1,0.586206896551724,2012
"74",6,"Maine",87,51,0.586206896551724,1,0.586206896551724,2013
"75",6,"Maine",87,51,0.586206896551724,1,0.586206896551724,2014
"76",6,"Maine",87,51,0.586206896551724,1,0.586206896551724,2015
"77",6,"Maine",87,51,0.586206896551724,1,0.586206896551724,2016
"78",6,"Maine",87,51,0.586206896551724,1,0.586206896551724,2017
"79",7,"Massachusetts-North",103,56,0.543689320388349,1,0.543689320388349,2005
"80",7,"Massachusetts-North",103,56,0.543689320388349,1,0.543689320388349,2006
"81",7,"Massachusetts-North",103,56,0.543689320388349,1,0.543689320388349,2007
"82",7,"Massachusetts-North",103,56,0.543689320388349,1,0.543689320388349,2008
"83",7,"Massachusetts-North",103,56,0.543689320388349,1,0.543689320388349,2009
"84",7,"Massachusetts-North",103,56,0.543689320388349,1,0.543689320388349,2010
"85",7,"Massachusetts-North",103,56,0.543689320388349,1,0.543689320388349,2011
"86",7,"Massachusetts-North",103,56,0.543689320388349,1,0.543689320388349,2012
"87",7,"Massachusetts-North",103,56,0.543689320388349,1,0.543689320388349,2013
"88",7,"Massachusetts-North",103,56,0.543689320388349,1,0.543689320388349,2014
"89",7,"Massachusetts-North",103,56,0.543689320388349,1,0.543689320388349,2015
"90",7,"Massachusetts-North",103,56,0.543689320388349,1,0.543689320388349,2016
"91",7,"Massachusetts-North",103,56,0.543689320388349,1,0.543689320388349,2017
"92",8,"Massachusetts-South",118,60,0.508474576271186,1,0.508474576271186,2005
"93",8,"Massachusetts-South",118,60,0.508474576271186,1,0.508474576271186,2006
"94",8,"Massachusetts-South",118,60,0.508474576271186,1,0.508474576271186,2007
"95",8,"Massachusetts-South",118,60,0.508474576271186,1,0.508474576271186,2008
"96",8,"Massachusetts-South",118,60,0.508474576271186,1,0.508474576271186,2009
"97",8,"Massachusetts-South",118,60,0.508474576271186,1,0.508474576271186,2010
"98",8,"Massachusetts-South",118,60,0.508474576271186,1,0.508474576271186,2011
"99",8,"Massachusetts-South",118,60,0.508474576271186,1,0.508474576271186,2012
"100",8,"Massachusetts-South",118,60,0.508474576271186,1,0.508474576271186,2013
"101",8,"Massachusetts-South",118,60,0.508474576271186,1,0.508474576271186,2014
"102",8,"Massachusetts-South",118,60,0.508474576271186,1,0.508474576271186,2015
"103",8,"Massachusetts-South",118,60,0.508474576271186,1,0.508474576271186,2016
"104",8,"Massachusetts-South",118,60,0.508474576271186,1,0.508474576271186,2017
"105",9,"New Hampshire",87,51,0.586206896551724,1,0.586206896551724,2005
"106",9,"New Hampshire",87,51,0.586206896551724,1,0.586206896551724,2006
"107",9,"New Hampshire",87,51,0.586206896551724,1,0.586206896551724,2007
"108",9,"New Hampshire",87,51,0.586206896551724,1,0.586206896551724,2008
"109",9,"New Hampshire",87,51,0.586206896551724,1,0.586206896551724,2009
"110",9,"New Hampshire",87,51,0.586206896551724,1,0.586206896551724,2010
"111",9,"New Hampshire",87,51,0.586206896551724,1,0.586206896551724,2011
"112",9,"New Hampshire",87,51,0.586206896551724,1,0.586206896551724,2012
"113",9,"New Hampshire",87,51,0.586206896551724,1,0.586206896551724,2013
"114",9,"New Hampshire",87,51,0.586206896551724,1,0.586206896551724,2014
"115",9,"New Hampshire",87,51,0.586206896551724,1,0.586206896551724,2015
"116",9,"New Hampshire",87,51,0.586206896551724,1,0.586206896551724,2016
"117",9,"New Hampshire",87,51,0.586206896551724,1,0.586206896551724,2017
"118",10,"New York",114,57,0.5,1,0.5,2005
"119",10,"New York",114,57,0.5,1,0.5,2006
"120",10,"New York",114,57,0.5,1,0.5,2007
"121",10,"New York",114,57,0.5,1,0.5,2008
"122",10,"New York",114,57,0.5,1,0.5,2009
"123",10,"New York",114,57,0.5,1,0.5,2010
"124",10,"New York",114,57,0.5,1,0.5,2011
"125",10,"New York",114,57,0.5,1,0.5,2012
"126",10,"New York",114,57,0.5,1,0.5,2013
"127",10,"New York",114,57,0.5,1,0.5,2014
"128",10,"New York",114,57,0.5,1,0.5,2015
"129",10,"New York",114,57,0.5,1,0.5,2016
"130",10,"New York",114,57,0.5,1,0.5,2017
"131",11,"Rhode Island",114,55,0.482456140350877,1,0.482456140350877,2005
"132",11,"Rhode Island",114,55,0.482456140350877,1,0.482456140350877,2006
"133",11,"Rhode Island",114,55,0.482456140350877,1,0.482456140350877,2007
"134",11,"Rhode Island",114,55,0.482456140350877,1,0.482456140350877,2008
"135",11,"Rhode Island",114,55,0.482456140350877,1,0.482456140350877,2009
"136",11,"Rhode Island",114,55,0.482456140350877,1,0.482456140350877,2010
"137",11,"Rhode Island",114,55,0.482456140350877,1,0.482456140350877,2011
"138",11,"Rhode Island",114,55,0.482456140350877,1,0.482456140350877,2012
"139",11,"Rhode Island",114,55,0.482456140350877,1,0.482456140350877,2013
"140",11,"Rhode Island",114,55,0.482456140350877,1,0.482456140350877,2014
"141",11,"Rhode Island",114,55,0.482456140350877,1,0.482456140350877,2015
"142",11,"Rhode Island",114,55,0.482456140350877,1,0.482456140350877,2016
"143",11,"Rhode Island",114,55,0.482456140350877,1,0.482456140350877,2017
