"","year","state","total_power","total_power_clean","per_clean","target","score"
"1",2005,"CT",67099494,953092,0.0142041607646102,0.44,0.0322821835559324
"2",2005,"MA",95030887,1160614,0.0122130186999096,0.35,0.034894339142599
"3",2005,"ME",37687954,8181852,0.217094618614744,0.4,0.542736546536859
"4",2005,"NH",48940026,3597806,0.0735145911038135,0.252,0.291724567872276
"5",2005,"NY",293774839,50209554,0.170911689275064,0.5,0.341823378550128
"6",2005,"RI",12106589,13468,0.00111245207052127,0.385,0.00288948589745784
"7",2006,"CT",69363473,1087784,0.0156823750736933,0.44,0.0356417615311212
"8",2006,"MA",91195550,1867494,0.0204779070908613,0.35,0.0585083059738896
"9",2006,"ME",33632345,8556264,0.254405810834778,0.4,0.636014527086946
"10",2006,"NH",44127390,3057820,0.0692952834962594,0.252,0.274981283715315
"11",2006,"NY",284530865,54487740,0.1915002788889,0.5,0.3830005577778
"12",2006,"RI",11935450,11818,0.00099015956666904,0.385,0.0025718430303092
"13",2007,"CT",66342423,695812,0.0104881909423176,0.44,0.0238367975961763
"14",2007,"MA",94151949,-66130,-0.000702375263628372,0.35,-0.00200678646750963
"15",2007,"ME",32257137,7674477,0.237915627788046,0.4,0.594789069470114
"16",2007,"NH",46554342,2530458,0.0543549299869817,0.252,0.215694166615007
"17",2007,"NY",291757373,50635303,0.173552779418534,0.5,0.347105558837068
"18",2007,"RI",14099688,8728,0.000619020789679885,0.385,0.00160784620696074
"19",2008,"CT",60818944,1125936,0.0185129159756539,0.44,0.0420748090355771
"20",2008,"MA",85010956,722326,0.0084968577461945,0.35,0.0242767364176986
"21",2008,"ME",34189839,9178052,0.268443849647844,0.4,0.67110962411961
"22",2008,"NH",45753985,3287086,0.0718426165502305,0.252,0.285089748215201
"23",2008,"NY",280644197,54603384,0.194564450587945,0.5,0.38912890117589
"24",2008,"RI",14774532,9954,0.000673726924142166,0.385,0.00174994006270692
"25",2009,"CT",62412445,1029862,0.0165009077917072,0.44,0.037502063162971
"26",2009,"MA",77933304,1346878,0.0172824444861211,0.35,0.0493784128174889
"27",2009,"ME",32699699,9020604,0.275861988821365,0.4,0.689654972053412
"28",2009,"NH",40328243,3485938,0.0864391240649884,0.252,0.343012397083287
"29",2009,"NY",266301099,58802117,0.220810643368768,0.5,0.441621286737536
"30",2009,"RI",15393649,9472,0.000615318694092609,0.385,0.00159823037426652
"31",2010,"CT",66699246,800318,0.0119989062545025,0.44,0.0272702414875057
"32",2010,"MA",85609649,1364531,0.0159389860364922,0.35,0.0455399601042635
"33",2010,"ME",34037319,8619158,0.25322670096314,0.4,0.63306675240785
"34",2010,"NH",44391824,3106542,0.0699800485783148,0.252,0.277698605469503
"35",2010,"NY",273923305,55077174,0.201067864598085,0.5,0.40213572919617
"36",2010,"RI",15477438,13660,0.000882575010153489,0.385,0.0022924026237753
"37",2011,"CT",67490441.2,1146092,0.0169815455288504,0.44,0.0385944216564782
"38",2011,"MA",76109641.06,1549360.44,0.0203569537107471,0.35,0.058162724887849
"39",2011,"ME",31947376.13,9371234.8,0.293333473205018,0.4,0.733333683012546
"40",2011,"NH",40131882.01,3341806,0.0832706026387523,0.252,0.330438899360128
"41",2011,"NY",274960693.9,60796957.24,0.221111448249804,0.5,0.442222896499608
"42",2011,"RI",17444545.11,20646,0.00118352183274557,0.385,0.00307408268245603
"43",2012,"CT",72235086,629714,0.00871756420418742,0.44,0.0198126459186078
"44",2012,"MA",71156843,1448448,0.0203557091480295,0.35,0.05815916899437
"45",2012,"ME",30096592,9239044,0.306979740430412,0.4,0.767449351076029
"46",2012,"NH",38444638,2911938,0.0757436706778199,0.252,0.30057012173738
"47",2012,"NY",271536488,54567672,0.200958892861574,0.5,0.401917785723147
"48",2012,"RI",16618072,11292,0.000679501208082382,0.385,0.00176493820281138
"49",2013,"CT",71221578.68,801754.1,0.0112571795635463,0.44,0.0255844990080597
"50",2013,"MA",65770041.36,1869905.24,0.0284309573376251,0.35,0.0812313066789289
"51",2013,"ME",28060075.23,9216249.98,0.328447087345888,0.4,0.82111771836472
"52",2013,"NH",39557040.9,3632764.84,0.0918361120384007,0.252,0.3644290160254
"53",2013,"NY",272233659.94,56273872.88,0.206711664135885,0.5,0.41342332827177
"54",2013,"RI",12493613.44,18087.36,0.00144772848038429,0.385,0.00376033371528388
"55",2014,"CT",67353960.83,904896.84,0.0134349461983972,0.44,0.0305339686327208
"56",2014,"MA",62237182.66,1950423.02,0.0313385493468608,0.35,0.0895387124196023
"57",2014,"ME",26497419.79,9441155,0.356304692110552,0.4,0.89076173027638
"58",2014,"NH",39076789.97,3585886,0.0917651117902201,0.252,0.36414726900881
"59",2014,"NY",274244404.28,59269190.06,0.216118138182637,0.5,0.432236276365274
"60",2014,"RI",12563496.43,47367.92,0.0037702816460306,0.385,0.00979293934033923
"61",2015,"CT",74941244,632398,0.00843858423273572,0.44,0.0191786005289448
"62",2015,"MA",64171939,2038670,0.0317688701910659,0.35,0.0907682005459026
"63",2015,"ME",23482529,9312470,0.396570147959787,0.4,0.991425369899469
"64",2015,"NH",40031789,3387436,0.0846186514422326,0.252,0.335788299373939
"65",2015,"NY",277255439,59338428,0.214020789687736,0.5,0.428041579375473
"66",2015,"RI",13878040,55132,0.00397260708284455,0.385,0.0103184599554404
"67",2016,"CT",72993121,533984,0.00731553867932295,0.44,0.0166262242711885
"68",2016,"MA",63910043,2074939,0.0324665561561271,0.35,0.0927615890175061
"69",2016,"ME",23028857,9333582,0.405299403266085,0.4,1
"70",2016,"NH",38564986,3155420,0.0818208516917392,0.252,0.324685919411664
"71",2016,"NY",268834215,60994186,0.226884014744924,0.5,0.453768029489848
"72",2016,"RI",13129770,86646,0.00659920166156757,0.385,0.0171407835365391
"73",2017,"CT",69125308,773112,0.0111842105643855,0.44,0.0254186603736034
"74",2017,"MA",64408727,3231156,0.050166431638992,0.35,0.143332661825692
"75",2017,"ME",22528559,11454132,0.508427192347278,0.4,1
"76",2017,"NH",34893683,3649988,0.10460311684496,0.252,0.415091733511747
"77",2017,"NY",256130205,68096024,0.265864871345416,0.5,0.531729742690832
"78",2017,"RI",15229882,330714,0.0217148103970865,0.385,0.0564021049274973
